$S
0
DS-7604N-E1/4P0420170424AARR753671362WCVU
4
1
0
0
4
0
0
192.168.15.10
2214
0
admin
a123456789
192.168.15.10
0.0.0.0
8000
DS-7604N-E1/4P
$C
0
0
0
0
IPCamera1
0
0
0
1
0
0
$C
0
1
0
1
IPCamera2
0
0
0
0
0
0
$C
0
2
0
2
IPCamera3
0
0
2
0
0
0
$C
0
3
0
3
IPCamera4
0
0
2
0
0
0
$S
1
DS-2DF5220-D420160324CCCH585851019B
1
1
2
1
0
0
0
«Ú–Œ…„œÒÕ∑
41
0
admin
misrobot2016
192.168.1.65
0.0.0.0
8000
DS-2DF5220-D4
$C
1
0
1
0
Camera1
0
0
0
1
0
0
