$S
0
DS-7708N-I40820160324CCRR585898003WCVU
8
1
16
4
8
0
0
192.168.1.64
2234
1
admin
misrobot2016
192.168.1.64
0.0.0.0
8000
DS-7708N-I4
$C
0
0
0
0
IPCamera1
0
0
0
1
0
0
$C
0
1
0
1
IPCamera2
0
0
0
1
0
0
$S
1
DS-2DF5220-D420160324CCCH585851019B
1
1
2
1
0
0
0
«Ú–Œ…„œÒÕ∑
41
0
admin
misrobot2016
192.168.1.65
0.0.0.0
8000
DS-2DF5220-D4
$C
1
0
1
0
Camera1
0
0
0
1
0
0
